[gd_scene load_steps=20 format=3 uid="uid://dna4rginxlak7"]

[ext_resource type="PackedScene" uid="uid://cphfklshgqi34" path="res://slappables/enemies/enemy.blend" id="1_luumw"]
[ext_resource type="Script" path="res://slappables/enemies/ragdoll_bones.gd" id="2_x3enl"]

[sub_resource type="CapsuleShape3D" id="CapsuleShape3D_ne002"]
radius = 0.289363
height = 1.06567

[sub_resource type="CapsuleShape3D" id="CapsuleShape3D_gy6ij"]
radius = 0.0494065
height = 0.248563

[sub_resource type="CapsuleShape3D" id="CapsuleShape3D_a8q2w"]
radius = 0.0387702
height = 0.228501

[sub_resource type="CapsuleShape3D" id="CapsuleShape3D_traol"]
radius = 0.0381612
height = 0.381612

[sub_resource type="CapsuleShape3D" id="CapsuleShape3D_m8g18"]
radius = 0.14737
height = 0.442311

[sub_resource type="CapsuleShape3D" id="CapsuleShape3D_2wk0f"]
radius = 0.0456142
height = 0.207253

[sub_resource type="CapsuleShape3D" id="CapsuleShape3D_6op1k"]
radius = 0.0483966
height = 0.26813

[sub_resource type="CapsuleShape3D" id="CapsuleShape3D_di2c3"]
radius = 0.0557913
height = 0.336396

[sub_resource type="CapsuleShape3D" id="CapsuleShape3D_aksxx"]
radius = 0.0512802
height = 0.145645

[sub_resource type="CapsuleShape3D" id="CapsuleShape3D_tqpj8"]
radius = 0.0573561
height = 0.338939

[sub_resource type="CapsuleShape3D" id="CapsuleShape3D_6v0po"]
radius = 0.0675734
height = 0.364963

[sub_resource type="CapsuleShape3D" id="CapsuleShape3D_142gw"]
radius = 0.0388751
height = 0.42435

[sub_resource type="CapsuleShape3D" id="CapsuleShape3D_iv4oy"]
radius = 0.0361251
height = 0.160983

[sub_resource type="CapsuleShape3D" id="CapsuleShape3D_nq21y"]
radius = 0.0573561
height = 0.472504

[sub_resource type="CapsuleShape3D" id="CapsuleShape3D_ux3j0"]
radius = 0.06399
height = 0.328875

[sub_resource type="CapsuleShape3D" id="CapsuleShape3D_h0lru"]
radius = 0.0670743
height = 0.198831

[sub_resource type="CapsuleShape3D" id="CapsuleShape3D_62dyn"]
radius = 0.0265875
height = 0.265875

[node name="enemy_mesh" instance=ExtResource("1_luumw")]

[node name="Skeleton3D" parent="." index="0"]
bones/1/rotation = Quaternion(0.859306, 0, 0, 0.511462)
bones/5/rotation = Quaternion(-0.0163536, 0.049278, 0.605986, 0.793779)
bones/6/rotation = Quaternion(0.00897173, 0.0042663, 0.109478, 0.99394)
bones/11/rotation = Quaternion(-0.0163536, -0.049278, -0.605986, 0.793779)
bones/12/rotation = Quaternion(0.00897173, -0.0042663, -0.109478, 0.99394)
bones/15/rotation = Quaternion(0.425123, 0.0140379, -0.258481, 0.86733)
bones/16/rotation = Quaternion(0.0328884, -3.73418e-08, 0.0606298, 0.997618)
bones/20/rotation = Quaternion(0.425123, -0.0140379, 0.258481, 0.86733)
bones/21/rotation = Quaternion(0.0328884, 3.73418e-08, -0.0606298, 0.997618)

[node name="PhysicalBoneSimulator3D" type="PhysicalBoneSimulator3D" parent="Skeleton3D" index="1"]
active = false
script = ExtResource("2_x3enl")

[node name="Physical Bone Spine" type="PhysicalBone3D" parent="Skeleton3D/PhysicalBoneSimulator3D" index="0"]
transform = Transform3D(1, 0, 0, 0, 4.73932e-07, -1, 0, 1, 4.73932e-07, 0, 1.51811, -0.00719613)
collision_layer = 2
collision_mask = 3
joint_type = 1
joint_offset = Transform3D(1, 0, 0, 0, 1, 0, 0, 0, 1, 0, -9.21529e-08, 0.160277)
body_offset = Transform3D(1, 0, 0, 0, -2.90532e-09, -1, 0, 1, 5.63339e-07, 0, 0.160277, 1.86265e-09)
bone_name = "Spine"
joint_constraints/bias = 0.3
joint_constraints/damping = 1.0
joint_constraints/impulse_clamp = 0.0

[node name="CollisionShape3D" type="CollisionShape3D" parent="Skeleton3D/PhysicalBoneSimulator3D/Physical Bone Spine" index="0"]
transform = Transform3D(1, 0, 0, 0, 0, 1, 0, -1, 0, 0, 1.44355e-07, 0.210572)
shape = SubResource("CapsuleShape3D_ne002")

[node name="Physical Bone RightShoulder" type="PhysicalBone3D" parent="Skeleton3D/PhysicalBoneSimulator3D" index="1"]
transform = Transform3D(-0.0437539, 0.101467, 0.993876, 0.999042, 0.00444353, 0.0435276, 3.03786e-07, 0.994829, -0.101564, -0.184831, 1.54207, 0.0116917)
collision_layer = 2
collision_mask = 3
joint_type = 1
joint_offset = Transform3D(1, 0, 0, 0, 1, 0, 0, 0, 1, -1.19677e-08, 2.86544e-08, 0.18597)
body_offset = Transform3D(0.999999, -5.66727e-07, 6.43527e-08, 2.34244e-08, -8.9407e-08, -1, -2.57245e-10, 1, -1.41561e-07, 0, 0.18597, -2.32831e-09)
bone_name = "RightShoulder"
joint_constraints/bias = 0.3
joint_constraints/damping = 1.0
joint_constraints/impulse_clamp = 0.0

[node name="CollisionShape3D" type="CollisionShape3D" parent="Skeleton3D/PhysicalBoneSimulator3D/Physical Bone RightShoulder" index="0"]
transform = Transform3D(1, 1.03372e-09, -1.73031e-10, 4.66514e-10, 0, 1, -1.05147e-09, -1, 0, -0.00305331, 0.00708088, 0.0693577)
shape = SubResource("CapsuleShape3D_gy6ij")

[node name="Physical Bone RightUpperArm" type="PhysicalBone3D" parent="Skeleton3D/PhysicalBoneSimulator3D" index="2"]
transform = Transform3D(-0.975901, 0.0132031, 0.217815, 0.218215, 0.0590461, 0.974113, 1.48074e-07, 0.998168, -0.0605042, -0.270366, 1.32324, 0.0289605)
collision_layer = 2
collision_mask = 3
joint_type = 1
joint_offset = Transform3D(1, 0, 0, 0, 1, 0, 0, 0, 1, 6.74742e-08, 1.59413e-07, 0.222982)
body_offset = Transform3D(1, -1.22114e-07, -5.69907e-07, -2.44294e-07, 0, -0.999999, 6.40411e-09, 1, -6.14673e-07, 5.96046e-08, 0.222982, -2.23517e-08)
bone_name = "RightUpperArm"
joint_constraints/bias = 0.3
joint_constraints/damping = 1.0
joint_constraints/impulse_clamp = 0.0

[node name="CollisionShape3D" type="CollisionShape3D" parent="Skeleton3D/PhysicalBoneSimulator3D/Physical Bone RightUpperArm" index="0"]
transform = Transform3D(0.99692, -0.0782806, 0.00474499, -0.00474501, 0.000186056, 0.999989, -0.0782806, -0.996931, -0.000186, 0.00474131, 0.00509249, 0.084013)
shape = SubResource("CapsuleShape3D_a8q2w")

[node name="Physical Bone RightForearm" type="PhysicalBone3D" parent="Skeleton3D/PhysicalBoneSimulator3D" index="3"]
transform = Transform3D(-0.999978, 0.00668796, 1.41663e-06, 0.000521592, 0.0777768, 0.996971, 0.00666759, 0.996948, -0.0777785, -0.280081, 1.08957, 0.0464993)
collision_layer = 2
collision_mask = 3
joint_type = 1
joint_offset = Transform3D(1, 0, 0, 0, 1, 0, 0, 0, 1, -7.46244e-08, 1.13729e-07, 0.190806)
body_offset = Transform3D(1, 2.6077e-08, -7.74744e-08, -1.61817e-08, 5.96046e-08, -0.999999, -2.32831e-09, 1, -5.96046e-07, 8.9407e-08, 0.190806, 0)
bone_name = "RightForearm"
joint_constraints/bias = 0.3
joint_constraints/damping = 1.0
joint_constraints/impulse_clamp = 0.0

[node name="CollisionShape3D" type="CollisionShape3D" parent="Skeleton3D/PhysicalBoneSimulator3D/Physical Bone RightForearm" index="0"]
transform = Transform3D(1, 0, 0, 0, 0, 1, 0, -1, 0, 0, 0, 0)
shape = SubResource("CapsuleShape3D_traol")

[node name="Physical Bone Neck" type="PhysicalBone3D" parent="Skeleton3D/PhysicalBoneSimulator3D" index="4"]
transform = Transform3D(1, 0, 0, 0, -3.66577e-08, -1, 0, 1, -3.66577e-08, 0, 1.6677, -0.00719606)
collision_layer = 2
collision_mask = 3
joint_type = 1
joint_offset = Transform3D(1, 0, 0, 0, 1, 0, 0, 0, 1, 0, -6.68917e-08, 0.117544)
body_offset = Transform3D(1, 0, 0, 0, -5.08783e-09, -1, 0, 1, 5.61156e-07, 0, 0.117544, 9.31323e-10)
bone_name = "Neck"
joint_constraints/bias = 0.3
joint_constraints/damping = 1.0
joint_constraints/impulse_clamp = 0.0

[node name="CollisionShape3D" type="CollisionShape3D" parent="Skeleton3D/PhysicalBoneSimulator3D/Physical Bone Neck" index="0"]
transform = Transform3D(1, 0, 0, 0, 0, 1, 0, -1, 0, -0.00295939, -2.78931e-07, -0.151376)
shape = SubResource("CapsuleShape3D_m8g18")

[node name="Physical Bone LeftShoulder" type="PhysicalBone3D" parent="Skeleton3D/PhysicalBoneSimulator3D" index="5"]
transform = Transform3D(-0.0437539, -0.101467, -0.993876, -0.999042, 0.00444353, 0.0435276, -3.03786e-07, 0.994829, -0.101564, 0.184831, 1.54207, 0.0116917)
collision_layer = 2
collision_mask = 3
joint_type = 1
joint_offset = Transform3D(1, 0, 0, 0, 1, 0, 0, 0, 1, 1.19677e-08, 2.86544e-08, 0.18597)
body_offset = Transform3D(0.999999, 5.66727e-07, -6.43527e-08, -2.34244e-08, -8.9407e-08, -1, 2.57245e-10, 1, -1.41561e-07, 0, 0.18597, -2.32831e-09)
bone_name = "LeftShoulder"
joint_constraints/bias = 0.3
joint_constraints/damping = 1.0
joint_constraints/impulse_clamp = 0.0

[node name="CollisionShape3D" type="CollisionShape3D" parent="Skeleton3D/PhysicalBoneSimulator3D/Physical Bone LeftShoulder" index="0"]
transform = Transform3D(1, -1.03372e-09, 1.73031e-10, -4.66514e-10, 0, 1, 1.05147e-09, -1, 0, 0.00372875, 0.00864733, 0.0847012)
shape = SubResource("CapsuleShape3D_2wk0f")

[node name="Physical Bone LeftUpperArm" type="PhysicalBone3D" parent="Skeleton3D/PhysicalBoneSimulator3D" index="6"]
transform = Transform3D(-0.975901, -0.0132031, -0.217815, -0.218215, 0.0590461, 0.974113, -1.48074e-07, 0.998168, -0.0605042, 0.270366, 1.32324, 0.0289605)
collision_layer = 2
collision_mask = 3
joint_type = 1
joint_offset = Transform3D(1, 0, 0, 0, 1, 0, 0, 0, 1, -6.74742e-08, 1.59413e-07, 0.222982)
body_offset = Transform3D(1, 1.22114e-07, 5.69907e-07, 2.44294e-07, 0, -0.999999, -6.40411e-09, 1, -6.14673e-07, -5.96046e-08, 0.222982, -2.23517e-08)
bone_name = "LeftUpperArm"
joint_constraints/bias = 0.3
joint_constraints/damping = 1.0
joint_constraints/impulse_clamp = 0.0

[node name="CollisionShape3D" type="CollisionShape3D" parent="Skeleton3D/PhysicalBoneSimulator3D/Physical Bone LeftUpperArm" index="0"]
transform = Transform3D(1, -9.01583e-09, 2.73005e-10, 1.45803e-09, 1.86265e-08, 1, -5.083e-08, -1, 0, -0.00395596, 0.00600038, 0.098991)
shape = SubResource("CapsuleShape3D_6op1k")

[node name="Physical Bone LeftForearm" type="PhysicalBone3D" parent="Skeleton3D/PhysicalBoneSimulator3D" index="7"]
transform = Transform3D(-0.999978, -0.00668796, -1.41663e-06, -0.000521592, 0.0777768, 0.996971, -0.00666759, 0.996948, -0.0777785, 0.280081, 1.08957, 0.0464993)
collision_layer = 2
collision_mask = 3
joint_type = 1
joint_offset = Transform3D(1, 0, 0, 0, 1, 0, 0, 0, 1, 7.46244e-08, 1.13729e-07, 0.190806)
body_offset = Transform3D(1, -2.6077e-08, 7.74744e-08, 1.61817e-08, 5.96046e-08, -0.999999, 2.32831e-09, 1, -5.96046e-07, -8.9407e-08, 0.190806, 0)
bone_name = "LeftForearm"
joint_constraints/bias = 0.3
joint_constraints/damping = 1.0
joint_constraints/impulse_clamp = 0.0

[node name="CollisionShape3D" type="CollisionShape3D" parent="Skeleton3D/PhysicalBoneSimulator3D/Physical Bone LeftForearm" index="0"]
transform = Transform3D(1, 0, 0, 0, -7.45058e-09, 1, 1.16415e-10, -1, -2.23517e-08, -1.63317e-05, 0.00243326, 0.0311903)
shape = SubResource("CapsuleShape3D_di2c3")

[node name="Physical Bone RightHip" type="PhysicalBone3D" parent="Skeleton3D/PhysicalBoneSimulator3D" index="8"]
transform = Transform3D(0.241136, 0.444533, 0.862696, -0.411345, -0.758313, 0.505723, 0.879004, -0.476814, -3.98505e-07, -0.108251, 1.05153, -0.00719594)
collision_layer = 2
collision_mask = 3
joint_type = 1
joint_offset = Transform3D(1, 0, 0, 0, 1, 0, 0, 0, 1, -3.64346e-07, -3.7881e-07, 0.12548)
body_offset = Transform3D(1, 0, -1.83965e-07, -1.61155e-07, 1.0204e-07, -1, 8.9407e-08, 1, 6.43823e-07, 3.8743e-07, 0.12548, 2.98023e-07)
bone_name = "RightHip"
joint_constraints/bias = 0.3
joint_constraints/damping = 1.0
joint_constraints/impulse_clamp = 0.0

[node name="CollisionShape3D" type="CollisionShape3D" parent="Skeleton3D/PhysicalBoneSimulator3D/Physical Bone RightHip" index="0"]
transform = Transform3D(1, 0, 0, 0, 0, 1, 0, -1, 0, 0, 0, 0)
shape = SubResource("CapsuleShape3D_aksxx")

[node name="Physical Bone RightKnee" type="PhysicalBone3D" parent="Skeleton3D/PhysicalBoneSimulator3D" index="9"]
transform = Transform3D(0.476814, 0.879004, -8.89356e-07, 0.0496234, -0.0269171, 0.998405, 0.877602, -0.476054, -0.0564536, -0.129901, 0.75251, 0.00899358)
collision_layer = 2
collision_mask = 3
joint_type = 1
joint_offset = Transform3D(1, 0, 0, 0, 1, 0, 0, 0, 1, 1.24778e-07, -4.60501e-08, 0.286781)
body_offset = Transform3D(1, -8.9407e-08, -4.80562e-07, 1.11759e-08, 1.67638e-08, -1, 1.49012e-07, 1, 2.64496e-07, 1.30385e-08, 0.286781, -2.98023e-08)
bone_name = "RightKnee"
joint_constraints/bias = 0.3
joint_constraints/damping = 1.0
joint_constraints/impulse_clamp = 0.0

[node name="CollisionShape3D" type="CollisionShape3D" parent="Skeleton3D/PhysicalBoneSimulator3D/Physical Bone RightKnee" index="0"]
transform = Transform3D(1, 0, 0, 2.98023e-08, 1.86265e-09, 1, -7.45058e-09, -1, 0, 0.02183, 0.0198293, 0.172145)
shape = SubResource("CapsuleShape3D_tqpj8")

[node name="Physical Bone RightShin" type="PhysicalBone3D" parent="Skeleton3D/PhysicalBoneSimulator3D" index="10"]
transform = Transform3D(0.476814, 0.879004, -7.03763e-07, -0.0716267, 0.0388546, 0.996674, 0.876081, -0.475228, 0.0814866, -0.129901, 0.358503, -0.0153003)
collision_layer = 2
collision_mask = 3
joint_type = 1
joint_offset = Transform3D(1, 0, 0, 0, 1, 0, 0, 0, 1, 5.42822e-08, -2.34665e-08, 0.337867)
body_offset = Transform3D(1, -8.9407e-08, -4.69387e-07, -5.21541e-08, 5.58794e-08, -1, 1.78814e-07, 1, 2.45869e-07, 1.04308e-07, 0.337867, -5.96046e-08)
bone_name = "RightShin"
joint_constraints/bias = 0.3
joint_constraints/damping = 1.0
joint_constraints/impulse_clamp = 0.0

[node name="CollisionShape3D" type="CollisionShape3D" parent="Skeleton3D/PhysicalBoneSimulator3D/Physical Bone RightShin" index="0"]
transform = Transform3D(1, 2.98023e-08, 0, 0, -2.23517e-08, 1, 4.47035e-08, -1, -2.23517e-08, -0.00641449, 0.0255752, 0.218118)
shape = SubResource("CapsuleShape3D_6v0po")

[node name="Physical Bone RightHeel" type="PhysicalBone3D" parent="Skeleton3D/PhysicalBoneSimulator3D" index="11"]
transform = Transform3D(0.476815, 0.879004, -7.16637e-07, 4.41817e-05, -2.3151e-05, 1, 0.879004, -0.476815, -4.98747e-05, -0.129901, 0.0967784, -0.0207971)
collision_layer = 2
collision_mask = 3
joint_type = 1
joint_offset = Transform3D(1, 0, 0, 0, 1, 0, 0, 0, 1, 8.21103e-08, -2.09457e-08, 0.194376)
body_offset = Transform3D(1, -2.98023e-07, -4.60761e-07, 8.12361e-09, 2.81434e-08, -1, 3.27826e-07, 1, 2.61081e-07, 7.45058e-09, 0.194376, -2.98023e-08)
bone_name = "RightHeel"
joint_constraints/bias = 0.3
joint_constraints/damping = 1.0
joint_constraints/impulse_clamp = 0.0

[node name="CollisionShape3D" type="CollisionShape3D" parent="Skeleton3D/PhysicalBoneSimulator3D/Physical Bone RightHeel" index="0"]
transform = Transform3D(1, 0, 0, 0, 0, 1, 0, -1, 0, 0.0103089, 0.0189952, 0.0879185)
shape = SubResource("CapsuleShape3D_142gw")

[node name="Physical Bone LeftHip" type="PhysicalBone3D" parent="Skeleton3D/PhysicalBoneSimulator3D" index="12"]
transform = Transform3D(0.241136, -0.444533, -0.862696, 0.411345, -0.758313, 0.505723, -0.879004, -0.476814, -3.98505e-07, 0.108251, 1.05153, -0.00719594)
collision_layer = 2
collision_mask = 3
joint_type = 1
joint_offset = Transform3D(1, 0, 0, 0, 1, 0, 0, 0, 1, 3.64346e-07, -3.7881e-07, 0.12548)
body_offset = Transform3D(1, 0, 1.83965e-07, 1.61155e-07, 1.0204e-07, -1, -8.9407e-08, 1, 6.43823e-07, -3.8743e-07, 0.12548, 2.98023e-07)
bone_name = "LeftHip"
joint_constraints/bias = 0.3
joint_constraints/damping = 1.0
joint_constraints/impulse_clamp = 0.0

[node name="CollisionShape3D" type="CollisionShape3D" parent="Skeleton3D/PhysicalBoneSimulator3D/Physical Bone LeftHip" index="0"]
transform = Transform3D(1, 3.49655e-09, 0, -5.96046e-08, 9.22894e-08, 1, 2.58255e-08, -1, -1.67791e-08, 0.00203395, -0.00374973, 0.0454558)
shape = SubResource("CapsuleShape3D_iv4oy")

[node name="Physical Bone LeftKnee" type="PhysicalBone3D" parent="Skeleton3D/PhysicalBoneSimulator3D" index="13"]
transform = Transform3D(0.476814, -0.879004, 8.89356e-07, -0.0496234, -0.0269171, 0.998405, -0.877602, -0.476054, -0.0564536, 0.129901, 0.75251, 0.00899358)
collision_layer = 2
collision_mask = 3
joint_type = 1
joint_offset = Transform3D(1, 0, 0, 0, 1, 0, 0, 0, 1, -1.24778e-07, -4.60501e-08, 0.286781)
body_offset = Transform3D(1, 8.9407e-08, 4.80562e-07, -1.11759e-08, 1.67638e-08, -1, -1.49012e-07, 1, 2.64496e-07, -1.30385e-08, 0.286781, -2.98023e-08)
bone_name = "LeftKnee"
joint_constraints/bias = 0.3
joint_constraints/damping = 1.0
joint_constraints/impulse_clamp = 0.0

[node name="CollisionShape3D" type="CollisionShape3D" parent="Skeleton3D/PhysicalBoneSimulator3D/Physical Bone LeftKnee" index="0"]
transform = Transform3D(1, 0, 0, -2.98023e-08, 1.86265e-09, 1, 7.45058e-09, -1, 0, -0.0168225, 0.0268601, 0.0350134)
shape = SubResource("CapsuleShape3D_nq21y")

[node name="Physical Bone LeftShin" type="PhysicalBone3D" parent="Skeleton3D/PhysicalBoneSimulator3D" index="14"]
transform = Transform3D(0.476814, -0.879004, 7.03763e-07, 0.0716267, 0.0388546, 0.996674, -0.876081, -0.475228, 0.0814866, 0.129901, 0.358503, -0.0153003)
collision_layer = 2
collision_mask = 3
joint_type = 1
joint_offset = Transform3D(1, 0, 0, 0, 1, 0, 0, 0, 1, -5.42822e-08, -2.34665e-08, 0.337867)
body_offset = Transform3D(1, 8.9407e-08, 4.69387e-07, 5.21541e-08, 5.58794e-08, -1, -1.78814e-07, 1, 2.45869e-07, -1.04308e-07, 0.337867, -5.96046e-08)
bone_name = "LeftShin"
joint_constraints/bias = 0.3
joint_constraints/damping = 1.0
joint_constraints/impulse_clamp = 0.0

[node name="CollisionShape3D" type="CollisionShape3D" parent="Skeleton3D/PhysicalBoneSimulator3D/Physical Bone LeftShin" index="0"]
transform = Transform3D(1, -1.49012e-08, 0, 0, -7.45058e-09, 1, -1.49012e-08, -1, -7.45058e-09, -0.00539662, 0.00994862, 0)
shape = SubResource("CapsuleShape3D_ux3j0")

[node name="Physical Bone LeftHeel" type="PhysicalBone3D" parent="Skeleton3D/PhysicalBoneSimulator3D" index="15"]
transform = Transform3D(0.476815, -0.879004, 7.16637e-07, -4.41817e-05, -2.3151e-05, 1, -0.879004, -0.476815, -4.98747e-05, 0.129901, 0.0967784, -0.0207971)
collision_layer = 2
collision_mask = 3
joint_type = 1
joint_offset = Transform3D(1, 0, 0, 0, 1, 0, 0, 0, 1, -8.21103e-08, -2.09457e-08, 0.194376)
body_offset = Transform3D(1, 2.98023e-07, 4.60761e-07, -8.12361e-09, 2.81434e-08, -1, -3.27826e-07, 1, 2.61081e-07, -7.45058e-09, 0.194376, -2.98023e-08)
bone_name = "LeftHeel"
joint_constraints/bias = 0.3
joint_constraints/damping = 1.0
joint_constraints/impulse_clamp = 0.0

[node name="CollisionShape3D" type="CollisionShape3D" parent="Skeleton3D/PhysicalBoneSimulator3D/Physical Bone LeftHeel" index="0"]
transform = Transform3D(1, 0, 0, 0, 0, 1, 0, -1, 0, 0, 0, 0)
shape = SubResource("CapsuleShape3D_h0lru")

[node name="Physical Bone Root" type="PhysicalBone3D" parent="Skeleton3D/PhysicalBoneSimulator3D" index="16"]
transform = Transform3D(1, 0, 0, 0, -0.879004, 0.476814, 0, -0.476814, -0.879004, 0, 1.17837, -0.124049)
collision_layer = 2
collision_mask = 3
joint_type = 1
joint_offset = Transform3D(1, 0, 0, 0, 1, 0, 0, 0, 1, 0, -8.75147e-08, 0.132937)
body_offset = Transform3D(1, 0, 0, 0, -2.38419e-07, -1, 0, 0.999999, -2.38419e-07, 0, 0.132937, 1.19209e-07)
bone_name = "Root"
joint_constraints/bias = 0.3
joint_constraints/damping = 1.0
joint_constraints/impulse_clamp = 0.0

[node name="CollisionShape3D" type="CollisionShape3D" parent="Skeleton3D/PhysicalBoneSimulator3D/Physical Bone Root" index="0"]
transform = Transform3D(1, 0, 0, 0, 0, 1, 0, -1, 0, 0, 0, 0)
shape = SubResource("CapsuleShape3D_62dyn")
disabled = true
